1
青岛啤酒
4.00
7.00
9975

1
雪花啤酒
3.00
5.00
9768

1
哈尔滨啤酒
4.00
6.00
9657

1
冰红茶
1.50
3.00
9908

1
百事可乐
1.50
3.00
10000

1
可口可乐
1.50
3.00
10000

1
雪碧
2.00
3.00
10000

1
芬达
2.00
3.00
10000

1
7喜
2.00
3.00
10000

1
红牛RED_BULL
2.00
6.00
9998

1
脉动
2.00
5.00
10000

1
王老吉
2.00
3.00
10000

1
百岁山
2.00
3.00
9997

1
康师傅矿泉水
2.00
3.00
10000

1
农夫山泉
2.00
3.00
10000

1
飞天茅台
8900.00
9000.00
10000

1
剑南春
4950.00
5000.00
10000

1
国窖1573
5900.00
6000.00
10000

1
五粮液
2950.00
3000.00
10000

1
82年拉菲
8900.00
9000.00
10000

1
张裕
4900.00
5000.00
10000

1
法国人头马
780.00
800.00
10000

1
帝国之梦伏特加
550.00
600.00
10000

1
龙舌兰魔鬼索伦
8500.00
9000.00
10000

1
大窑嘉宾
3.00
7.00
9997

-1