1
1
青岛啤酒
username1
4.00
7.00
20
0
2023 4 1
0

1
1
青岛啤酒
username2
4.00
7.00
20
0
2023 4 1
1

1
1
青岛啤酒
username3
4.00
7.00
20
0
2023 4 1
0

1
1
青岛啤酒
username4
4.00
7.00
20
0
2023 4 1
0

1
1
青岛啤酒
username5
4.00
7.00
20
0
2023 4 1
0

1
1
雪花啤酒
username6
3.00
5.00
25
0
2023 4 2
0

1
1
雪花啤酒
username7
3.00
5.00
25
0
2023 4 2
0

1
1
雪花啤酒
username8
3.00
5.00
25
0
2023 4 2
0

1
1
雪花啤酒
username9
3.00
5.00
25
0
2023 4 2
0

1
1
雪花啤酒
username10
3.00
5.00
25
0
2023 4 2
0

1
1
哈尔滨啤酒
username11
4.00
6.00
30
0
2023 4 3
0

1
1
哈尔滨啤酒
username12
4.00
6.00
30
0
2023 4 3
0

1
1
哈尔滨啤酒
username13
4.00
6.00
30
0
2023 4 3
0

1
1
哈尔滨啤酒
username14
4.00
6.00
30
0
2023 4 3
0

1
1
哈尔滨啤酒
username15
4.00
6.00
30
0
2023 4 3
0

1
1
冰红茶
username16
1.50
3.00
35
0
2023 4 4
0

1
1
冰红茶
username17
1.50
3.00
35
0
2023 4 4
0

1
1
冰红茶
username18
1.50
3.00
35
0
2023 4 4
0

1
1
冰红茶
username19
1.50
3.00
35
0
2023 4 4
0

1
1
冰红茶
username20
1.50
3.00
35
0
2023 4 4
0

1
1
百事可乐
username21
1.50
3.00
40
0
2023 4 5
0

1
1
百事可乐
username22
1.50
3.00
40
0
2023 4 5
0

1
1
百事可乐
username23
1.50
3.00
40
0
2023 4 5
0

1
1
百事可乐
username24
1.50
3.00
40
0
2023 4 5
0

1
1
百事可乐
username25
1.50
3.00
40
0
2023 4 5
0

1
1
可口可乐
username1
1.50
3.00
45
0
2023 4 6
0

1
1
可口可乐
username2
1.50
3.00
45
0
2023 4 6
0

1
1
可口可乐
username3
1.50
3.00
45
0
2023 4 6
0

1
1
可口可乐
username4
1.50
3.00
45
0
2023 4 6
0

1
1
可口可乐
username5
1.50
3.00
45
0
2023 4 6
0

1
1
雪碧
username6
2.00
3.00
50
0
2023 4 7
0

1
1
雪碧
username7
2.00
3.00
50
0
2023 4 7
0

1
1
雪碧
username8
2.00
3.00
50
0
2023 4 7
0

1
1
雪碧
username9
2.00
3.00
50
0
2023 4 7
0

1
1
雪碧
username10
2.00
3.00
50
0
2023 4 7
0

1
1
芬达
username11
2.00
3.00
52
0
2023 4 8
0

1
1
芬达
username12
2.00
3.00
52
0
2023 4 8
0

1
1
芬达
username13
2.00
3.00
52
0
2023 4 8
0

1
1
芬达
username14
2.00
3.00
52
0
2023 4 8
0

1
1
芬达
username15
2.00
3.00
52
0
2023 4 8
0

1
1
7喜
username16
2.00
3.00
54
0
2023 4 9
0

1
1
7喜
username17
2.00
3.00
54
0
2023 4 9
0

1
1
7喜
username18
2.00
3.00
54
0
2023 4 9
0

1
1
7喜
username19
2.00
3.00
54
0
2023 4 9
0

1
1
7喜
username20
2.00
3.00
54
0
2023 4 9
0

1
1
红牛RED_BULL
username21
2.00
6.00
20
0
2023 4 10
0

1
1
红牛RED_BULL
username22
2.00
6.00
20
0
2023 4 10
0

1
1
红牛RED_BULL
username23
2.00
6.00
20
0
2023 4 10
0

1
1
红牛RED_BULL
username24
2.00
6.00
20
0
2023 4 10
0

1
1
红牛RED_BULL
username25
2.00
6.00
20
0
2023 4 10
0

1
1
脉动
username1
2.00
5.00
20
0
2023 4 11
0

1
1
脉动
username2
2.00
5.00
20
0
2023 4 11
0

1
1
脉动
username3
2.00
5.00
20
0
2023 4 11
0

1
1
脉动
username4
2.00
5.00
20
0
2023 4 11
0

1
1
脉动
username5
2.00
5.00
20
0
2023 4 11
0

1
1
王老吉
username6
2.00
3.00
60
0
2023 4 12
0

1
1
王老吉
username7
2.00
3.00
60
0
2023 4 12
0

1
1
王老吉
username8
2.00
3.00
60
0
2023 4 12
0

1
1
王老吉
username9
2.00
3.00
60
0
2023 4 12
0

1
1
王老吉
username10
2.00
3.00
60
0
2023 4 12
0

1
1
百岁山
username11
2.00
3.00
65
0
2023 4 13
0

1
1
百岁山
username12
2.00
3.00
65
0
2023 4 13
0

1
1
百岁山
username13
2.00
3.00
65
0
2023 4 13
0

1
1
百岁山
username14
2.00
3.00
65
0
2023 4 13
0

1
1
百岁山
username15
2.00
3.00
65
0
2023 4 13
0

1
1
康师傅矿泉水
username16
2.00
3.00
70
0
2023 4 14
0

1
1
康师傅矿泉水
username17
2.00
3.00
70
0
2023 4 14
0

1
1
康师傅矿泉水
username18
2.00
3.00
70
0
2023 4 14
0

1
1
康师傅矿泉水
username19
2.00
3.00
70
0
2023 4 14
0

1
1
康师傅矿泉水
username20
2.00
3.00
70
0
2023 4 14
0

1
1
农夫山泉
username21
2.00
3.00
70
0
2023 4 15
0

1
1
农夫山泉
username22
2.00
3.00
70
0
2023 4 15
0

1
1
农夫山泉
username23
2.00
3.00
70
0
2023 4 15
0

1
1
农夫山泉
username24
2.00
3.00
70
0
2023 4 15
0

1
1
农夫山泉
username25
2.00
3.00
70
0
2023 4 15
0

1
1
飞天茅台
username1
8900.00
9000.00
1
0
2023 4 16
0

1
1
飞天茅台
username2
8900.00
9000.00
1
0
2023 4 16
0

1
1
飞天茅台
username3
8900.00
9000.00
1
0
2023 4 16
0

1
1
飞天茅台
username4
8900.00
9000.00
1
0
2023 4 16
0

1
1
飞天茅台
username5
8900.00
9000.00
1
0
2023 4 16
0

1
1
剑南春
username6
4950.00
5000.00
2
0
2023 4 17
0

1
1
剑南春
username7
4950.00
5000.00
2
0
2023 4 17
0

1
1
剑南春
username8
4950.00
5000.00
2
0
2023 4 17
0

1
1
剑南春
username9
4950.00
5000.00
2
0
2023 4 17
0

1
1
剑南春
username10
4950.00
5000.00
2
0
2023 4 17
0

1
1
飞天茅台
sunlx55220329
8900.00
9000.00
3
0
2023 4 18
2

1
1
剑南春
sunlx55220329
4950.00
5000.00
3
0
2023 4 18
1

1
1
国窖1573
zhaozl87210328
5900.00
6000.00
1
0
2023 4 18
1

1
1
冰红茶
chencs55220331
1.50
3.00
100
1
2023 4 18
2

1
1
百事可乐
chencs55220331
1.50
3.00
100
1
2023 4 18
0

1
1
青岛啤酒
pifashang
4.00
7.00
100
2
2023 4 18
0

1
1
法国人头马
sunlx55220329
780.00
800.00
50
1
2023 4 18
2

1
1
青岛啤酒
sunlx55220329
4.00
7.00
50
1
2023 4 18
0

1
1
青岛啤酒
sunlx55220329
4.00
7.00
20
2
2023 4 19
0

1
1
青岛啤酒
sunlx55220329
4.00
7.00
25
2
2023 4 19
0

1
1
法国人头马
chencs55220331
780.00
800.00
30
1
2023 4 19
2

1
1
青岛啤酒
sunlx55220329
4.00
7.00
1
0
2023 4 19
0

1
1
青岛啤酒
sunlx55220329
4.00
7.00
1
1
2023 4 19
0

1
1
青岛啤酒
sunlx55220329
4.00
7.00
1
2
2023 4 19
0

1
1
青岛啤酒
sunlx55220329
4.00
7.00
10
2
2023 4 19
0

1
1
青岛啤酒
sunlx55220329
4.00
7.00
3
3
2023 4 19
0

1
1
青岛啤酒
sunlx55220329
4.00
7.00
3
3
2023 4 19
0

1
1
青岛啤酒
sunlx55220329
4.00
7.00
2
3
2023 4 19
0

1
1
青岛啤酒
sunlx55220329
4.00
7.00
1
3
2023 4 19
0

1
1
哈尔滨啤酒
sunlx55220329
4.00
6.00
10
4
2023 4 19
0

1
1
雪花啤酒
sunlx55220329
3.00
5.00
10
4
2023 4 19
0

1
1
红牛RED_BULL
sunlx55220329
2.00
6.00
1
5
2023 4 19
0

1
1
红牛RED_BULL
sunlx55220329
2.00
6.00
1
5
2023 4 19
0

1
1
百岁山
username1
2.00
3.00
1
1
2023 4 19
0

1
1
百岁山
username1
2.00
3.00
1
1
2023 4 19
0

1
1
百岁山
username1
2.00
3.00
1
2
2023 4 19
0

1
1
大窑嘉宾
username1
3.00
7.00
1
2
2023 4 19
0

1
1
大窑嘉宾
username1
3.00
7.00
1
3
2023 4 19
0

1
1
大窑嘉宾
username1
3.00
7.00
1
4
2023 4 19
0

1
1
青岛啤酒
username2
4.00
7.00
1
0
2023 4 19
0

1
1
青岛啤酒
username2
4.00
7.00
1
1
2023 4 19
0

1
1
青岛啤酒
username2
4.00
7.00
1
2
2023 4 19
0

1
1
青岛啤酒
ce420
4.00
7.00
111
0
2023 4 19
2

1
1
哈尔滨啤酒
ce420
4.00
6.00
111
0
2023 4 19
0

1
1
冰红茶
ce420
1.50
3.00
111
0
2023 4 19
2

1
1
雪花啤酒
ce420
3.00
5.00
111
0
2023 4 19
0

1
1
哈尔滨啤酒
ce420
4.00
6.00
111
0
2023 4 19
0

1
1
冰红茶
ce420
1.50
3.00
111
0
2023 4 19
0

1
1
雪花啤酒
chencs55220331
3.00
5.00
111
0
2023 4 20
0

1
1
哈尔滨啤酒
chencs55220331
4.00
6.00
111
0
2023 4 20
0

-1