1
sunlx55220329
5
9748.00
2023 4 14
0
0

1
chencs55220331
1
6779.00
2023 4 14
0
0

1
yuke55220330
0
10000.00
2023 4 14
0
0

1
zhaozl87210328
0
10000.00
2023 4 14
0
0

1
pifashang
0
10000.00
2023 4 14
1
0

1
username1
4
1973.60
2023 4 17
0
1

1
username2
2
5980.05
2023 4 17
0
0

1
username3
0
0.00
2023 4 17
0
0

1
username4
0
0.00
2023 4 17
0
0

1
username5
0
0.00
2023 4 17
0
0

1
username6
0
0.00
2023 4 17
0
0

1
username7
0
0.00
2023 4 17
0
0

1
username8
0
0.00
2023 4 17
0
0

1
username9
0
0.00
2023 4 17
0
0

1
username10
0
0.00
2023 4 17
0
0

1
username11
0
0.00
2023 4 17
0
0

1
username12
0
0.00
2023 4 17
0
0

1
username13
0
0.00
2023 4 17
0
0

1
username14
0
0.00
2023 4 17
0
0

1
username15
0
0.00
2023 4 17
0
0

1
username16
0
0.00
2023 4 17
0
0

1
username17
0
0.00
2023 4 17
0
0

1
username18
0
0.00
2023 4 17
0
0

1
username19
0
0.00
2023 4 17
0
0

1
username20
0
0.00
2023 4 17
0
0

1
username21
0
0.00
2023 4 17
0
0

1
username22
0
0.00
2023 4 17
1
0

1
username23
0
0.00
2023 4 17
1
0

1
username24
0
0.00
2023 4 17
1
0

1
username25
0
0.00
2023 4 17
1
0

1
ALEX
0
0.00
2023 4 18
0
0

1
ce420
1
7223.00
2023 4 19
1
0

-1